<?xml version="1.0"?>
<opencv_storage>
<dictionary type_id="opencv-matrix">
  <rows>2</rows>
  <cols>64</cols>
  <dt>f</dt>
  <data>
    -1.99980263e-04 -4.46156540e-04 6.70947786e-03 4.68203565e-03
    9.41521209e-03 -3.79104936e-03 4.27839868e-02 2.98714899e-02
    2.99023949e-02 -8.08698824e-04 5.43347597e-02 3.07980422e-02
    2.79571791e-03 3.84490239e-04 8.75774957e-03 5.16812503e-03
    1.03732583e-03 -1.72503595e-03 4.54305150e-02 3.04141529e-02
    3.92651558e-02 -2.90150829e-02 2.66059399e-01 1.76733240e-01
    2.76761353e-01 -1.02236783e-02 4.01577204e-01 1.79970369e-01
    1.74440499e-02 3.72391334e-03 6.07846379e-02 3.32678296e-02
    2.06830492e-03 6.91295951e-04 4.54520769e-02 3.00936755e-02
    3.86271849e-02 3.09919585e-02 2.68802702e-01 1.76414505e-01
    2.79961407e-01 1.64642427e-02 4.03414756e-01 1.82188183e-01
    1.74297225e-02 -3.11799697e-03 6.03498705e-02 3.34180109e-02
    1.19859666e-04 3.29876930e-04 6.60474645e-03 4.57880506e-03
    1.00902189e-02 2.85071693e-03 4.31871600e-02 3.03541645e-02
    3.05122603e-02 7.19307427e-05 5.53497113e-02 3.19532417e-02
    2.87629012e-03 -4.99095418e-04 8.60525109e-03 5.28355129e-03
    2.64596450e-03 -8.55562452e-04 8.25032033e-03 5.55291772e-03
    2.63473336e-02 -1.34991936e-03 5.34691513e-02 3.39804888e-02
    8.29116907e-03 1.90910685e-03 4.41510156e-02 3.25781927e-02
    1.27666763e-05 1.74921704e-04 7.38038216e-03 5.21100499e-03
    1.50553938e-02 -3.41909216e-03 5.69319502e-02 3.53283286e-02
    2.58252829e-01 1.03418631e-02 3.93702239e-01 1.96895897e-01
    3.12998667e-02 3.06592397e-02 2.74201810e-01 1.89016506e-01
    -1.10651992e-04 1.05515413e-03 4.87842187e-02 3.26636173e-02
    1.37935961e-02 4.09867940e-03 5.59013039e-02 3.50329243e-02
    2.59620368e-01 -9.35081951e-03 3.97207618e-01 1.96184292e-01
    3.32034864e-02 -2.62758620e-02 2.74629354e-01 1.90152183e-01
    7.20277254e-04 5.72684337e-04 4.78483513e-02 3.25680301e-02
    2.29171105e-03 7.03372643e-04 8.06035195e-03 5.39654819e-03
    2.76630055e-02 1.95763819e-03 5.36972657e-02 3.36549878e-02
    9.25899390e-03 -5.49383869e-04 4.48011421e-02 3.32077593e-02
    1.46759165e-04 -5.45030452e-05 7.29918433e-03 5.37762279e-03</data></dictionary>
</opencv_storage>
