<?xml version="1.0"?>
<opencv_storage>
<dictionary type_id="opencv-matrix">
  <rows>64</rows>
  <cols>64</cols>
  <dt>f</dt>
  <data>
    9.06001544e-04 -8.69281474e-04 4.05952986e-03 2.41249171e-03
    3.30374874e-02 -4.14439384e-03 4.12815772e-02 1.63429622e-02
    4.87790741e-02 6.87845750e-04 5.61610721e-02 1.76706836e-02
    8.01882416e-04 4.37364681e-04 5.59099857e-03 2.81930855e-03
    4.91057988e-03 -3.52799403e-03 2.91572101e-02 1.53474398e-02
    2.52011657e-01 -1.29050389e-02 2.83544391e-01 8.54499713e-02
    3.63329858e-01 4.36269300e-04 4.07439679e-01 9.39109176e-02
    5.16165514e-03 2.33229226e-03 3.54707614e-02 1.66800302e-02
    7.75752636e-03 -6.24810462e-04 3.15864645e-02 1.58688296e-02
    2.63479978e-01 5.37082413e-03 2.95742661e-01 8.21488649e-02
    3.63147914e-01 8.75524059e-03 4.08630848e-01 8.90390202e-02
    4.67604492e-03 -2.32735253e-03 3.65171246e-02 1.75783150e-02
    1.16480759e-03 3.96211311e-04 4.58894344e-03 2.46086600e-03
    3.84785980e-02 1.12286606e-03 4.53958064e-02 1.56304948e-02
    4.71293554e-02 -3.32435197e-03 5.63862026e-02 1.76735092e-02
    1.19739177e-03 -5.10668615e-04 5.60241845e-03 2.66490271e-03
    2.54715467e-03 -1.37342617e-03 7.63227604e-03 6.41871011e-03
    9.16783139e-03 1.01772882e-03 4.33687307e-02 3.62344123e-02
    5.45885181e-04 5.92587143e-03 3.23707163e-02 3.18782926e-02
    -1.78299542e-03 4.86080127e-04 5.90962218e-03 4.43577347e-03
    -2.20298655e-02 -1.58949252e-02 7.18319193e-02 5.34724928e-02
    2.65726209e-01 -9.15189758e-02 4.78330821e-01 2.90026456e-01
    -1.21724857e-02 1.83285847e-02 1.90959722e-01 1.77118659e-01
    -1.18695674e-02 -2.36114324e-03 4.05262299e-02 3.07291504e-02
    -2.59582009e-02 2.46987734e-02 6.56627417e-02 5.43530136e-02
    2.30650991e-01 1.00433052e-01 4.25361603e-01 2.77137727e-01
    -1.89634673e-02 -4.36979830e-02 1.87889278e-01 1.78222969e-01
    -1.33812148e-02 -2.63261213e-03 4.17322926e-02 3.01962327e-02
    5.24987991e-04 3.27280228e-04 6.85996655e-03 5.66336233e-03
    2.94673280e-03 1.74779576e-04 3.67610827e-02 3.50587294e-02
    -1.54224853e-03 -4.93971445e-03 3.30423862e-02 3.23641635e-02
    -2.43383576e-03 -1.62359246e-03 7.73287192e-03 6.03305455e-03
    6.27582893e-04 -1.52466213e-03 9.27512534e-03 9.12232324e-03
    8.23111180e-03 1.23215455e-03 5.57303205e-02 5.35021052e-02
    3.73237394e-03 6.40307646e-03 5.58475107e-02 5.07241674e-02
    -1.93525884e-05 -4.94885433e-04 7.86397699e-03 7.76117202e-03
    -7.39749521e-03 -8.44344590e-03 5.65179810e-02 4.88155372e-02
    1.54343873e-01 -3.26544680e-02 3.51866841e-01 2.84600735e-01
    -5.33417985e-02 -5.71872145e-02 3.61331284e-01 3.30775112e-01
    1.22080939e-02 -4.33630357e-03 5.62714674e-02 5.07359616e-02
    -5.80223463e-03 3.14794434e-03 5.37209958e-02 4.65332717e-02
    1.38652548e-01 1.37583641e-02 3.20657521e-01 2.62559354e-01
    -2.14482211e-02 3.74621041e-02 2.97451526e-01 2.76312977e-01
    6.26590988e-03 5.31200133e-03 5.42140044e-02 4.82689627e-02
    -7.79676309e-04 1.63539709e-03 8.28437973e-03 8.26349296e-03
    1.14686787e-02 1.78816984e-03 5.21762781e-02 5.10223396e-02
    2.33760267e-03 -5.51454630e-03 4.78074811e-02 4.72924188e-02
    -2.86363444e-04 -8.67891707e-04 7.86246732e-03 7.41852680e-03
    -7.67882913e-04 -9.91392415e-04 7.58490432e-03 8.11128784e-03
    5.42798545e-03 -2.82491324e-03 5.05216233e-02 4.98270653e-02
    7.43277417e-03 4.87049995e-03 4.84267958e-02 4.72649224e-02
    3.24773742e-03 7.77858659e-04 9.13445372e-03 8.24876595e-03
    2.91125104e-03 2.78514531e-03 4.96608056e-02 4.52113375e-02
    2.44082287e-02 2.23661903e-02 3.02167267e-01 2.66712576e-01
    1.15774728e-01 1.19880894e-02 3.27309728e-01 2.64289647e-01
    1.66092031e-02 1.37338871e-02 6.11120723e-02 4.78748120e-02
    1.97631714e-04 -5.77753875e-03 4.95148413e-02 4.78476882e-02
    -3.75999771e-02 -8.77763554e-02 3.06959093e-01 2.97507048e-01
    2.54880846e-01 8.12212005e-04 3.87254477e-01 2.63830751e-01
    1.29452264e-02 4.38365201e-03 6.31958768e-02 4.81489524e-02
    -1.17405795e-03 1.17181230e-03 7.92707969e-03 7.57321902e-03
    4.83501377e-03 1.89991053e-02 6.10150732e-02 5.50223626e-02
    2.88174115e-02 5.63768437e-03 6.33670315e-02 5.06181307e-02
    2.98875384e-03 -1.31731911e-03 9.68401786e-03 8.59465543e-03
    7.05575745e-04 -7.11897563e-04 7.60608260e-03 2.59388401e-03
    5.99953486e-03 -1.22886768e-03 4.67099845e-02 1.45809967e-02
    6.44012727e-03 1.52553420e-03 6.34918883e-02 1.61411427e-02
    -4.12449415e-04 3.61537444e-04 1.10999709e-02 3.16109392e-03
    8.87047313e-03 -1.53849053e-03 5.09581007e-02 1.70927942e-02
    6.16003200e-02 -5.99168008e-03 3.01263630e-01 9.12607461e-02
    4.95624021e-02 3.80121451e-03 5.09950101e-01 1.16209112e-01
    -3.31517472e-03 -1.47578627e-04 7.86014348e-02 2.10674424e-02
    7.88373221e-03 2.36146094e-04 4.86947745e-02 1.51519682e-02
    5.56211360e-02 -1.46576087e-03 3.21733654e-01 8.95269737e-02
    6.43345490e-02 -5.03338815e-04 5.93774021e-01 1.18943766e-01
    -4.00919328e-03 8.40755762e-04 8.13918859e-02 1.99311655e-02
    1.08053384e-03 -3.34369834e-04 6.83742063e-03 2.03045690e-03
    7.28098676e-03 9.07745707e-05 5.04792370e-02 1.42186079e-02
    9.18484852e-03 -2.55184178e-03 7.44566098e-02 1.78851578e-02
    -1.71410633e-04 -2.99963809e-04 1.13820136e-02 2.73825368e-03
    1.50901382e-03 -3.51294922e-03 4.94719157e-03 6.93980698e-03
    1.92921702e-02 -1.35741439e-02 3.69072370e-02 4.20729928e-02
    3.89265269e-03 -1.38743622e-02 3.43640335e-02 4.05501239e-02
    1.95947825e-03 -1.41476421e-03 7.89448433e-03 6.45399000e-03
    5.64963650e-03 -5.88077586e-03 3.72918434e-02 3.21630873e-02
    1.68577939e-01 -1.50894476e-02 2.63129711e-01 1.92892730e-01
    4.15246040e-02 1.86197218e-02 2.27945745e-01 1.85485452e-01
    3.05260532e-02 1.64794344e-02 5.75111285e-02 4.44191694e-02
    -9.54291411e-03 1.09074153e-02 4.32516225e-02 3.99689600e-02
    2.14181095e-01 1.22100469e-02 2.73451805e-01 2.07856044e-01
    1.46758318e-01 1.47411913e-01 2.95275927e-01 3.31325501e-01
    8.37964267e-02 7.39115700e-02 1.05213977e-01 1.04428850e-01
    -3.96544859e-03 7.11649517e-03 9.15289670e-03 1.06769009e-02
    5.70790730e-02 7.45255724e-02 7.50403628e-02 1.12778075e-01
    9.15409401e-02 1.48198828e-01 1.22274689e-01 2.04828635e-01
    2.81543168e-03 1.60760824e-02 1.83706060e-02 3.28967907e-02
    -4.03944636e-03 1.44404577e-04 9.61681549e-03 8.48212931e-03
    -2.37118881e-02 -8.88702832e-03 5.36459647e-02 4.80897240e-02
    1.59537699e-02 -4.62006498e-03 4.27614115e-02 3.68019566e-02
    3.68756289e-03 -7.64138822e-04 7.81242549e-03 5.56457555e-03
    -2.76392307e-02 -2.54038777e-02 7.09223673e-02 5.68922125e-02
    -1.90701649e-01 -1.58006355e-01 3.44219118e-01 2.81558216e-01
    2.64370114e-01 -2.12333519e-02 3.38440716e-01 1.89509064e-01
    1.36224227e-02 8.85431189e-03 5.23264818e-02 3.50122117e-02
    -2.69577447e-02 -3.15610021e-02 5.85049354e-02 4.71676141e-02
    -6.86970586e-03 -5.00333421e-02 2.38053679e-01 2.09360033e-01
    2.92820901e-01 1.72473546e-02 3.47844839e-01 1.87163129e-01
    1.41778393e-02 -3.91254388e-03 4.98575941e-02 3.39118242e-02
    -2.10996368e-03 -7.14138441e-04 7.02436129e-03 5.52867400e-03
    1.31550776e-02 2.43668654e-03 3.87834571e-02 3.24298367e-02
    3.64505015e-02 1.08484051e-03 4.94160615e-02 3.76475714e-02
    3.16686044e-03 3.85159190e-04 7.54633546e-03 6.58017118e-03
    1.52062334e-04 9.29211557e-04 8.19230173e-03 7.37517979e-03
    1.03577645e-03 -6.48449268e-03 5.01444228e-02 4.60370667e-02
    2.50078198e-02 3.30464158e-04 5.40613346e-02 4.44498770e-02
    1.19715789e-03 7.19131727e-04 8.44037347e-03 7.41396472e-03
    9.14431736e-03 5.62176388e-03 5.06006405e-02 4.58042361e-02
    -1.18870601e-01 3.42666619e-02 3.23724419e-01 2.66429514e-01
    2.95948714e-01 -1.91909373e-02 4.00617152e-01 2.51431167e-01
    3.13621131e-04 -1.25506567e-03 5.03330268e-02 4.18810509e-02
    7.58974906e-03 -2.21885461e-03 4.95422743e-02 4.55042236e-02
