<?xml version="1.0"?>
<opencv_storage>
<dictionary type_id="opencv-matrix">
  <rows>64</rows>
  <cols>64</cols>
  <dt>f</dt>
  <data>
    4.87420848e-03 -6.42758969e-04 9.72472038e-03 6.69463351e-03
    1.26853110e-02 -8.47740099e-03 4.75530848e-02 3.99435349e-02
    1.37925418e-02 -2.57526012e-03 4.61423919e-02 3.96669805e-02
    6.08835544e-04 -5.27804601e-04 6.52836869e-03 5.73852938e-03
    2.22884808e-02 -1.66171696e-02 6.28836453e-02 4.65127602e-02
    1.77647546e-01 -6.00726679e-02 3.30378622e-01 2.40176931e-01
    1.16474137e-01 2.12162863e-02 2.99831420e-01 2.21740782e-01
    3.14890896e-03 -2.52618780e-03 4.36102152e-02 3.58198024e-02
    4.92801191e-03 -7.69058289e-03 6.12179600e-02 4.42614295e-02
    3.61917555e-01 -1.45136761e-02 4.53206927e-01 2.23194182e-01
    1.74309947e-02 -1.88850649e-02 2.55395651e-01 2.18961895e-01
    5.00664068e-03 -2.78969482e-03 4.30424288e-02 3.65727805e-02
    2.42088106e-03 7.23175064e-04 9.02043935e-03 6.41235616e-03
    3.99574153e-02 2.27400428e-03 5.91259450e-02 4.06204350e-02
    9.86151490e-03 -6.78854948e-03 4.67677452e-02 3.77138592e-02
    2.84618174e-04 -6.13741518e-04 7.05677783e-03 5.82860783e-03
    6.36462646e-04 -7.21559045e-04 5.72557142e-03 3.88057972e-03
    1.14435218e-02 -3.79229523e-03 3.24164592e-02 2.25168932e-02
    4.16422710e-02 -1.65392051e-03 5.22416718e-02 2.41346080e-02
    2.32197363e-02 1.40248728e-03 2.39343587e-02 6.03089761e-03
    3.47833964e-03 -2.59512541e-04 3.94146107e-02 2.38058437e-02
    8.92803743e-02 -2.56576035e-02 1.94110870e-01 1.33964851e-01
    3.19941550e-01 -4.79624898e-04 3.70531917e-01 1.37261853e-01
    1.89923763e-01 1.75940897e-02 1.96019769e-01 4.38673757e-02
    1.22264621e-03 4.28743951e-04 3.98775302e-02 2.45779380e-02
    7.93575272e-02 6.19669491e-03 2.01343253e-01 1.32316530e-01
    3.62779647e-01 3.43537511e-04 4.10265625e-01 1.38060018e-01
    1.98918104e-01 3.28861549e-03 2.10187092e-01 4.75015715e-02
    7.19439413e-06 9.85143590e-04 6.06306503e-03 4.18281090e-03
    1.10207070e-02 6.66828221e-03 3.33010145e-02 2.53565200e-02
    5.70759512e-02 7.79474387e-03 6.61053061e-02 2.62862928e-02
    2.45957896e-02 1.69703155e-04 2.69408263e-02 6.78003905e-03
    2.51974701e-03 1.02428813e-03 7.63184717e-03 7.24343210e-03
    2.04848424e-02 -1.14153500e-03 5.17055653e-02 4.63530086e-02
    3.00679523e-02 4.17247834e-03 5.33710346e-02 4.47358452e-02
    1.07365812e-03 1.26019912e-03 8.31751991e-03 7.43097020e-03
    1.75597034e-02 5.30428486e-03 5.06787598e-02 4.46851999e-02
    1.57140777e-01 1.24040127e-01 3.28767687e-01 2.95423478e-01
    1.69076145e-01 5.32144234e-02 3.18695754e-01 2.79238999e-01
    5.60023636e-03 -1.38935866e-03 4.95166928e-02 4.15485539e-02
    1.56765562e-02 2.32942845e-03 5.08665368e-02 4.48211096e-02
    2.58035570e-01 -3.86662371e-02 3.74475896e-01 2.55518526e-01
    4.33337055e-02 1.77216679e-02 2.73391366e-01 2.47508734e-01
    1.19087063e-02 -7.86453718e-04 4.91440482e-02 4.29159030e-02
    3.35693895e-03 -3.06113710e-04 8.11727345e-03 6.90139178e-03
    2.65518911e-02 2.50055944e-03 5.18706143e-02 4.07937653e-02
    1.19777787e-02 -7.36017479e-03 4.68892157e-02 4.16693315e-02
    2.15389510e-03 -5.03709831e-04 7.64325727e-03 6.72833109e-03
    2.63188384e-04 -9.41644947e-04 9.10160877e-03 3.47292330e-03
    7.26666301e-04 -3.25018261e-03 5.62171303e-02 2.05246992e-02
    1.20573677e-02 -8.19938490e-04 5.69449812e-02 1.92094203e-02
    1.59779389e-04 1.39089650e-04 9.64945741e-03 3.24971671e-03
    2.46942416e-03 -1.11799280e-03 6.20380118e-02 2.18431670e-02
    3.87635380e-02 -1.19993696e-02 3.79700214e-01 1.35157362e-01
    8.04315284e-02 -3.05146212e-03 3.95241499e-01 1.32863849e-01
    -4.20485763e-03 6.85610285e-04 6.36310503e-02 2.11077202e-02
    3.43354163e-03 -3.27729154e-03 6.67117238e-02 2.06625015e-02
    1.38352111e-01 -1.11513762e-02 4.84206378e-01 1.31904393e-01
    -1.75319258e-02 -2.34054625e-02 4.93287683e-01 1.37314677e-01
    -4.85882687e-04 -1.41365454e-03 6.37657717e-02 2.08342895e-02
    5.86400391e-04 -1.94591135e-04 9.78159159e-03 3.00133158e-03
    1.62274912e-02 -1.00594101e-04 6.86514899e-02 2.19032038e-02
    -1.06009829e-03 -2.18280428e-03 7.16007575e-02 2.20400356e-02
    1.03951164e-03 -3.98870790e-04 1.01761296e-02 3.38630797e-03
    8.22926289e-04 -1.71252643e-04 7.68900616e-03 7.51669379e-03
    4.94437991e-03 2.01555318e-03 4.84950058e-02 4.96700630e-02
    1.13161770e-03 7.24275457e-03 5.23292869e-02 5.40712141e-02
    4.74320259e-04 1.12968381e-03 7.45446514e-03 7.42307678e-03
    6.92399079e-03 -2.43149977e-03 5.27553670e-02 5.07223383e-02
    1.32890671e-01 1.83378737e-02 3.32142651e-01 2.79668301e-01
    2.38457210e-02 1.38050988e-01 2.95623451e-01 3.39897692e-01
    -3.13925697e-03 9.64009296e-03 4.95823361e-02 5.18036708e-02
    5.32971555e-03 1.55561406e-03 4.95060906e-02 4.99773249e-02
    1.33530229e-01 -1.16535043e-02 3.21846873e-01 2.87996650e-01
    3.29497717e-02 -1.24185294e-01 2.95433491e-01 3.32516432e-01
    -1.63858419e-03 -5.39772073e-03 4.87637445e-02 5.13492748e-02
    1.22004817e-03 -2.41520596e-04 7.77429156e-03 8.00522603e-03
    7.55380187e-03 -5.00966143e-03 4.74979542e-02 5.12145907e-02
    3.69372102e-03 -4.67389962e-03 4.67989407e-02 5.27116247e-02
    8.89623887e-04 -1.44955271e-03 7.64176250e-03 8.31375085e-03
    9.49588662e-04 1.02717220e-03 7.92543218e-03 5.82973333e-03
    -3.98297329e-03 -3.24865384e-03 5.28633930e-02 4.08553332e-02
    2.87043005e-02 -1.62246509e-03 5.60913458e-02 3.79511826e-02
    -4.07501851e-04 5.10269601e-04 8.28536041e-03 5.69192274e-03
    1.49310594e-02 8.77020182e-04 5.54897264e-02 3.71574983e-02
    -1.63146287e-01 7.14728748e-03 3.43375027e-01 2.26691484e-01
    3.06731790e-01 -3.82739305e-02 4.29931581e-01 2.21970573e-01
    -4.90788557e-03 -2.70788884e-03 5.29531986e-02 3.68348956e-02
    8.39528255e-03 -3.09175323e-03 5.34296967e-02 3.90772894e-02
    -2.25356724e-02 5.58473431e-02 2.95850784e-01 2.42021188e-01
    1.36367694e-01 5.54640777e-02 3.16381216e-01 2.38581121e-01
    2.76496937e-03 -3.68522876e-03 4.87014391e-02 3.68678197e-02
    1.52132381e-03 -3.22271837e-04 9.12145339e-03 6.54550269e-03
    9.44471452e-03 5.44995128e-04 5.02690226e-02 3.88472266e-02
    6.84548914e-03 1.11789710e-03 4.52643819e-02 3.74863297e-02
    8.73608573e-04 3.31024494e-04 7.38980668e-03 5.47342841e-03
    1.50364614e-03 2.62671005e-04 7.70660909e-03 5.99987619e-03
    8.79806653e-03 5.01126563e-03 4.70158011e-02 3.98650095e-02
    -5.77316992e-03 5.52805373e-03 4.52094451e-02 4.16803397e-02
    -5.35264029e-04 9.02341621e-04 8.24388210e-03 6.67824084e-03
    3.25181568e-03 -3.30614881e-03 5.29227741e-02 3.93632092e-02
    1.97180718e-01 5.10862395e-02 3.45792890e-01 2.42643580e-01
    -1.29323691e-01 1.19199418e-01 3.07657391e-01 2.72497296e-01
    4.10313392e-03 5.44836791e-03 5.09798639e-02 4.07819934e-02
    -1.73145218e-03 4.73326491e-03 5.53845055e-02 4.16508466e-02
    2.75969446e-01 -1.29177747e-02 3.94147873e-01 2.25828052e-01
    -1.18974552e-01 1.11364173e-02 3.02798688e-01 2.42964163e-01
    -4.95194551e-03 8.20998754e-03 4.94460166e-02 3.97055484e-02
    8.55922524e-04 7.92620354e-04 8.55191145e-03 6.65640458e-03
    2.51338538e-02 -1.47108943e-03 5.26451953e-02 3.96622121e-02
    -4.04350087e-03 -4.25531017e-03 4.42117304e-02 3.75160649e-02
    -9.43641586e-04 6.21276326e-04 7.18978513e-03 5.98832220e-03
    9.82770231e-04 -1.56305439e-04 8.22431780e-03 6.26075128e-03
    1.39703257e-02 3.07540456e-03 5.27040623e-02 4.34004851e-02
    -8.73052888e-03 3.15633044e-03 5.54556996e-02 4.37039509e-02
    -3.10669915e-04 7.08636246e-04 9.12126713e-03 6.60995487e-03
    4.50327294e-03 2.94884806e-03 5.55999056e-02 4.29919809e-02
    2.00184837e-01 7.11851520e-03 3.81047010e-01 2.47572169e-01
    -1.21295527e-01 5.98151907e-02 4.29479867e-01 2.74634004e-01
    3.39971599e-03 7.78373331e-03 6.06876351e-02 4.42730114e-02
    1.00785401e-02 3.20383697e-03 5.46696335e-02 4.15236913e-02
