<?xml version="1.0"?>
<opencv_storage>
<dictionary type_id="opencv-matrix">
  <rows>70</rows>
  <cols>70</cols>
  <dt>f</dt>
  <data>
    2.59740767e-03 -3.73349845e-04 7.28866551e-03 6.13071863e-03
    1.88817177e-02 -1.70652708e-03 4.66540344e-02 4.00804020e-02
    1.73282791e-02 9.39287536e-04 4.64934371e-02 3.99809070e-02
    1.82212517e-03 2.90491822e-04 7.26280594e-03 6.07228884e-03
    1.79799832e-02 -2.26517185e-03 5.06637059e-02 4.07494828e-02
    1.48284659e-01 -8.77203420e-03 3.20990384e-01 2.52558291e-01
    1.38274401e-01 9.05631203e-03 3.18177015e-01 2.50706315e-01
    1.19547974e-02 1.43218716e-03 4.91262563e-02 3.97246778e-02
    1.86620764e-02 1.21301133e-03 5.17984219e-02 4.10662740e-02
    1.49504960e-01 9.76438820e-03 3.23342413e-01 2.52212703e-01
    1.38566405e-01 -7.22568762e-03 3.19295734e-01 2.51161218e-01
    1.10920928e-02 -1.75775401e-03 4.91426513e-02 3.99803631e-02
    2.99626729e-03 1.77149414e-04 7.76741747e-03 6.33037044e-03
    1.96833853e-02 1.73482765e-03 4.73406389e-02 4.05517034e-02
    1.72823481e-02 -5.66732720e-04 4.66735847e-02 4.00585569e-02
    1.50825980e-03 -3.85941443e-04 7.32140569e-03 6.13636104e-03
    1.51016190e+02 1.83536224e+02 1.99376221e+02 2.47427416e+00
    1.46864629e+00 1.46864629e+00 1.34134619e-03 -6.87170832e-04
    6.79584220e-03 5.77935670e-03 1.77352969e-02 -3.23227467e-03
    4.58736792e-02 3.78947519e-02 1.94769502e-02 7.93021347e-04
    4.78956252e-02 3.87727134e-02 1.91834313e-03 2.24471616e-04
    7.76435109e-03 6.14185678e-03 7.93018285e-03 -2.06330302e-03
    4.57847193e-02 3.69676463e-02 1.47359982e-01 -1.07639311e-02
    3.12284470e-01 2.24229142e-01 1.57933027e-01 8.03562533e-03
    3.27699870e-01 2.28423685e-01 1.18406387e-02 2.12321733e-03
    5.25778681e-02 3.92237976e-02 8.08919594e-03 2.32284516e-03
    4.57567237e-02 3.72087695e-02 1.46298125e-01 1.12578347e-02
    3.11915129e-01 2.24821895e-01 1.59702927e-01 -7.58766988e-03
    3.27780038e-01 2.27501541e-01 1.22365551e-02 -1.34248275e-03
    5.27680814e-02 3.94056365e-02 1.40740222e-03 7.64295924e-04
    6.86065992e-03 5.80354640e-03 1.73230860e-02 4.09202883e-03
    4.54009846e-02 3.79926004e-02 1.98305119e-02 -7.63890348e-05
    4.76726666e-02 3.86384837e-02 1.99435651e-03 -1.92001622e-04
    7.72839179e-03 6.19602297e-03 6.45662766e+01 6.88783340e+01
    6.25208893e+01 3.18974495e+00 2.86707664e+00 2.86707664e+00
    1.72544736e-03 -4.46432387e-04 7.24250451e-03 5.53077227e-03
    1.96505561e-02 -2.00997386e-03 4.73072492e-02 3.56236324e-02
    2.00467091e-02 1.29733107e-03 4.78741229e-02 3.57816704e-02
    1.91375997e-03 4.14692127e-04 7.59573933e-03 5.65153360e-03
    1.09485397e-02 -1.84186373e-03 4.93003577e-02 3.54485959e-02
    1.56840131e-01 -8.62714741e-03 3.25158894e-01 2.10814074e-01
    1.58901066e-01 8.30245763e-03 3.28198642e-01 2.10618541e-01
    1.22941462e-02 1.66733225e-03 5.14445379e-02 3.57608013e-02
    1.09802391e-02 1.83036586e-03 4.92018498e-02 3.53410356e-02
    1.56969652e-01 8.17098003e-03 3.25055242e-01 2.10636705e-01
    1.58706427e-01 -8.50493833e-03 3.27993572e-01 2.10484892e-01
    1.22428574e-02 -1.73830183e-03 5.14771715e-02 3.57876308e-02
    1.72612513e-03 4.43037221e-04 7.23216543e-03 5.53189637e-03
    1.96423046e-02 2.02457537e-03 4.72458489e-02 3.55980694e-02
    2.01323647e-02 -1.37094106e-03 4.78102006e-02 3.58174853e-02
    1.88890018e-03 -4.02754784e-04 7.59080518e-03 5.67601854e-03
    6.18439307e-03 6.59915572e-03 6.25306927e-03 9.99782048e-03
    1.07046897e-02 1.07046897e-02 2.49289628e-03 -5.72031946e-04
    7.34889414e-03 5.49691590e-03 2.31843069e-02 -2.63320073e-03
    4.68425378e-02 3.56133394e-02 2.34736856e-02 5.93425473e-04
    4.77034301e-02 3.53270024e-02 1.36677630e-03 4.56641719e-04
    7.71948928e-03 5.36938384e-03 1.68608278e-02 -1.74190768e-03
    5.01847528e-02 3.59639078e-02 1.79052040e-01 -5.81854582e-03
    3.19940627e-01 2.14252323e-01 1.78601801e-01 6.31040800e-03
    3.21586490e-01 2.12702960e-01 1.00806365e-02 1.82759122e-03
    5.24550900e-02 3.50364856e-02 1.74328536e-02 1.72524282e-03
    5.10435924e-02 3.66979614e-02 1.80457100e-01 1.10776620e-02
    3.20261538e-01 2.14925766e-01 1.77195191e-01 -3.39478860e-03
    3.20219517e-01 2.12456778e-01 9.78355017e-03 -1.60999538e-03
    5.23031913e-02 3.48825753e-02 2.71840580e-03 5.12596336e-04
    7.65439030e-03 5.57750883e-03 2.31299456e-02 2.86203623e-03
    4.67752106e-02 3.52342017e-02 2.26555187e-02 -8.26786098e-04
    4.65396717e-02 3.48648205e-02 1.51353108e-03 -4.00701450e-04
    7.65539147e-03 5.43030398e-03 5.57495594e+00 1.46247803e+02
    2.42383713e+02 2.55597281e+00 2.63839412e+00 2.63839412e+00
    2.35295994e-03 -5.76880993e-04 7.11911498e-03 5.68524003e-03
    2.16609407e-02 -2.68526818e-03 4.56933677e-02 3.59853879e-02
    2.24608909e-02 7.91465922e-04 4.68199402e-02 3.59472409e-02
    1.70245150e-03 4.07641026e-04 8.03561509e-03 5.81051130e-03
    1.54108638e-02 -3.12576792e-03 4.85401638e-02 3.61278020e-02
    1.73857644e-01 -1.17867086e-02 3.15486461e-01 2.14171231e-01
    1.76198915e-01 6.38122112e-03 3.20262551e-01 2.11249918e-01
    1.14584751e-02 2.10253382e-03 5.30920401e-02 3.59689333e-02
    1.49162840e-02 2.45097349e-03 4.84985113e-02 3.58497128e-02
    1.76541477e-01 9.37252492e-03 3.16955119e-01 2.14250743e-01
    1.76238894e-01 -7.44506530e-03 3.20526868e-01 2.12628275e-01
    1.26132686e-02 -1.43030798e-03 5.25858440e-02 3.57609950e-02
    2.15979479e-03 7.10794819e-04 7.16230506e-03 5.60068851e-03
    2.22178902e-02 2.90810806e-03 4.63637076e-02 3.59078012e-02
    2.24845652e-02 -3.99388809e-04 4.65507284e-02 3.57398093e-02
    2.08465150e-03 -2.33298735e-04 7.76413083e-03 5.52200014e-03
    9.15785141e+01 1.11860931e+02 1.86573761e+02 3.83973193e+00
    2.72345543e+00 2.72345543e+00 1.16812880e-03 -3.42668995e-04
    7.12688500e-03 5.57740033e-03 1.72745734e-02 -1.54762471e-03
    4.74165939e-02 3.65053155e-02 1.73506439e-02 1.64669624e-03
    4.82304208e-02 3.66531275e-02 1.08770875e-03 4.80298331e-04
    7.37421261e-03 5.68046281e-03 6.77480688e-03 -1.69534481e-03
    4.90076505e-02 3.65114808e-02 1.40036985e-01 -9.75464284e-03
    3.28956753e-01 2.20075235e-01 1.41341686e-01 9.66389105e-03
    3.32403988e-01 2.19823495e-01 6.66392082e-03 1.93559530e-03
    5.03615104e-02 3.68046872e-02 6.48942543e-03 1.66957895e-03
    4.88275066e-02 3.64827178e-02 1.40388206e-01 8.17022286e-03
    3.28113645e-01 2.20346183e-01 1.42088115e-01 -1.08244447e-02
    3.32891524e-01 2.19491601e-01 6.60958653e-03 -1.74756150e-03
    5.04128113e-02 3.66330110e-02 1.08465040e-03 3.23601969e-04
    7.16146966e-03 5.62764844e-03 1.72334965e-02 1.49591523e-03
    4.73117903e-02 3.65599915e-02 1.75039358e-02 -1.85830658e-03
    4.81847785e-02 3.66801284e-02 1.20459066e-03 -4.30699147e-04
    7.32462993e-03 5.65226609e-03 1.59470932e+02 1.69607910e+02
    1.54123230e+02 3.38301563e+00 3.31460285e+00 3.31460285e+00
    2.42753141e-03 -5.79675427e-04 7.13654421e-03 5.79080544e-03
    2.32794750e-02 -3.13670700e-03 4.64702100e-02 3.64451595e-02
    2.24752836e-02 4.48569626e-04 4.61336449e-02 3.59686092e-02
    1.58489589e-03 2.91062432e-04 7.04550976e-03 5.51218539e-03
    1.57971717e-02 -2.17738841e-03 4.85067964e-02 3.73621657e-02
    1.82608843e-01 -7.98385590e-03 3.19191724e-01 2.20192090e-01
    1.75069496e-01 7.11071584e-03 3.18268299e-01 2.17383385e-01
    1.01310043e-02 1.35098735e-03 4.79443073e-02 3.58449556e-02
    1.59017611e-02 2.26133200e-03 4.82900590e-02 3.73984165e-02
    1.83226645e-01 8.99413601e-03 3.19469184e-01 2.22422630e-01
    1.73351705e-01 -7.53973098e-03 3.16917539e-01 2.18921691e-01
    9.44133755e-03 -1.86326448e-03 4.81612198e-02 3.59666534e-02
    2.32571736e-03 7.08513719e-04 7.03222677e-03 5.81428688e-03
    2.35313475e-02 3.25847743e-03 4.62696850e-02 3.75255123e-02
    2.17888318e-02 -1.81448966e-04 4.66143787e-02 3.75800170e-02
    1.46769569e-03 -4.34054877e-04 7.13684689e-03 5.70297614e-03
    3.12859955e+01 8.98318710e+01 2.20259308e+02 4.55555820e+00
