<?xml version="1.0"?>
<opencv_storage>
<dictionary type_id="opencv-matrix">
  <rows>16</rows>
  <cols>64</cols>
  <dt>f</dt>
  <data>
    2.49846950e-02 9.86269210e-04 2.91693732e-02 9.65797994e-03
    2.41516028e-02 1.43272998e-02 5.92502579e-02 3.62459607e-02
    2.29393435e-03 5.78942616e-03 4.46068496e-02 3.17894705e-02
    -2.23773858e-03 5.09875535e-04 9.33966227e-03 5.06626768e-03
    2.21816227e-01 -1.56964478e-03 2.54969329e-01 7.31799901e-02
    1.07096002e-01 -1.73884984e-02 3.29868287e-01 1.91546887e-01
    2.18284223e-02 1.24187674e-02 2.75765121e-01 1.78205624e-01
    -1.49454297e-02 4.12447704e-03 6.43430725e-02 3.58983204e-02
    2.02745482e-01 1.46317212e-02 2.31946737e-01 6.09695204e-02
    9.55737531e-02 1.06751369e-02 3.35595727e-01 2.03697413e-01
    5.64427637e-02 -4.68707690e-03 2.74229288e-01 1.80328712e-01
    -1.64004248e-02 2.06214772e-03 6.23293109e-02 3.22574712e-02
    2.47219037e-02 -6.48928617e-05 2.77489666e-02 7.97206536e-03
    1.50727779e-02 -3.69096501e-03 5.45982234e-02 3.15901078e-02
    5.01404749e-03 -2.23103468e-03 4.89610024e-02 3.43076065e-02
    -2.39227386e-03 -1.24094391e-03 9.62564815e-03 6.24545291e-03
    -5.96139755e-04 -5.18619781e-04 4.29973193e-03 2.83982814e-03
    1.15442229e-02 -4.23437450e-03 2.72987168e-02 1.74913257e-02
    5.29670082e-02 -8.85717338e-04 5.98078631e-02 2.02987697e-02
    4.42373240e-03 1.05333154e-03 7.34331040e-03 3.37277888e-03
    -2.67066457e-03 1.27233245e-04 2.90707033e-02 1.80826746e-02
    5.98117486e-02 -1.97702143e-02 1.57335237e-01 1.01839244e-01
    4.26674783e-01 -1.42553821e-02 4.57595289e-01 1.11572944e-01
    3.04329302e-02 3.70283169e-03 5.27017601e-02 2.14900635e-02
    -1.67837855e-03 5.62064874e-04 2.90087461e-02 1.75727159e-02
    5.34764603e-02 2.45319717e-02 1.54764175e-01 1.02748074e-01
    4.29386556e-01 1.84510704e-02 4.60467517e-01 1.12216443e-01
    3.03106755e-02 -3.17842606e-03 5.31347506e-02 2.24809386e-02
    -3.79870005e-04 2.36827327e-04 4.11488628e-03 2.74692895e-03
    1.16653191e-02 3.09423590e-03 2.75251027e-02 1.90768838e-02
    5.40517606e-02 9.46857675e-04 6.06946833e-02 2.22940650e-02
    4.57888236e-03 -4.41173965e-04 7.77448388e-03 3.70943267e-03
    -5.91357646e-04 -1.29530099e-05 9.81368497e-03 2.69441702e-03
    5.72884828e-03 1.33878391e-04 6.38806149e-02 1.77063532e-02
    1.91155951e-02 1.11887138e-03 6.01547286e-02 1.69059988e-02
    2.80230120e-03 1.33796988e-04 9.14300699e-03 2.61671888e-03
    -3.40568111e-03 5.86869719e-04 7.12556392e-02 1.84719395e-02
    1.29453139e-03 -5.80931036e-03 4.27401155e-01 1.14810474e-01
    1.77211598e-01 2.11667665e-03 3.71663958e-01 1.04294337e-01
    2.34127827e-02 1.64309295e-03 5.84750324e-02 1.69793013e-02
    -3.82252946e-03 8.05285876e-04 7.50218481e-02 1.81768797e-02
    -3.55679952e-02 6.55975332e-03 4.80157614e-01 1.16558634e-01
    2.18119875e-01 1.53538967e-02 4.20590222e-01 1.08856536e-01
    2.57017929e-02 1.74507825e-03 5.87344840e-02 1.72699038e-02
    -9.80922836e-04 3.18051207e-05 1.04136700e-02 2.61767488e-03
    1.79334151e-04 1.25895476e-03 6.52416423e-02 1.73007175e-02
    2.86869202e-02 2.52873311e-03 6.55843914e-02 1.72200706e-02
    3.50767374e-03 2.36031396e-04 9.16571729e-03 2.63737724e-03
    3.76300933e-03 -1.02412933e-03 8.49480182e-03 4.57580946e-03
    3.11602056e-02 -2.14828164e-04 5.06051257e-02 2.61692386e-02
    -1.22405021e-02 9.71880159e-04 4.26884964e-02 2.56088302e-02
    -1.49938118e-04 -4.55948146e-04 7.80376000e-03 4.25733440e-03
    2.27412544e-02 -2.40797293e-03 6.08390197e-02 2.65544280e-02
    3.14457119e-01 1.85057875e-02 3.85088325e-01 1.42783314e-01
    -1.52498275e-01 3.96128669e-02 2.99738526e-01 1.57237142e-01
    -5.77200612e-04 1.01087010e-03 5.48914187e-02 2.86162123e-02
    1.54404156e-02 6.00587868e-04 6.17200322e-02 2.57394109e-02
    3.46082091e-01 -2.24199314e-02 4.15096283e-01 1.35158092e-01
    -1.51873529e-01 -2.11722795e-02 2.93319285e-01 1.54166505e-01
    -5.17504057e-04 4.18974413e-03 5.49370535e-02 2.74154786e-02
    2.63230456e-03 8.43698333e-04 8.65777861e-03 4.16527316e-03
    3.96184810e-02 -2.08476000e-03 5.74220493e-02 2.51742546e-02
    -9.81816463e-03 6.00450090e-04 4.10843529e-02 2.44517364e-02
    -4.40616655e-04 6.31067145e-04 7.44238356e-03 4.01812978e-03
    2.09266227e-03 -6.44412867e-05 8.10228102e-03 6.58193650e-03
    7.68248271e-03 -7.12461815e-06 4.60542589e-02 4.23694365e-02
    7.53949489e-03 1.95744657e-03 4.32542972e-02 4.04984280e-02
    -5.53095830e-04 8.95651639e-04 7.42079597e-03 6.31579803e-03
    9.17742588e-03 -1.22003155e-02 5.70441186e-02 4.56741937e-02
    1.29817963e-01 -1.06640682e-02 3.25896323e-01 2.64527649e-01
    7.44811893e-02 6.56499118e-02 2.45453179e-01 2.31074437e-01
    -2.77901278e-03 6.09011808e-03 4.62840050e-02 3.72927524e-02
    -7.20162783e-03 -6.85888482e-03 6.46849126e-02 5.23926951e-02
    2.99145430e-01 -1.54354256e-02 4.72017735e-01 2.74598449e-01
    3.39049213e-02 6.57476578e-03 2.33566299e-01 2.01208204e-01
    -1.60159788e-03 4.94076870e-03 4.43500169e-02 3.77071872e-02
    9.34899843e-04 7.73523236e-04 8.49319715e-03 7.19327014e-03
    3.21467891e-02 1.29539100e-03 5.59496209e-02 4.29124162e-02
    1.17678726e-02 -2.38907477e-03 4.24342975e-02 3.76049019e-02
    3.49576512e-05 -8.92946628e-05 7.05278851e-03 6.13867957e-03
    -4.57043607e-05 -3.41575244e-04 7.09085260e-03 6.47748448e-03
    2.80187745e-03 -7.57487305e-03 4.35768627e-02 4.30377536e-02
    1.61212124e-02 -3.56543506e-03 4.61187884e-02 4.14598957e-02
    1.74032501e-03 -2.08034675e-04 7.98548758e-03 6.59403764e-03
    -9.47838067e-04 -2.96871876e-03 4.72564362e-02 4.20617014e-02
    -4.09794487e-02 -6.88587576e-02 2.80464113e-01 2.70538598e-01
    2.43863314e-01 -3.17594372e-02 3.66020530e-01 2.54021674e-01
    2.42931233e-03 3.08488193e-03 5.22705205e-02 4.12163250e-02
    -7.55465182e-04 1.36227009e-03 4.75212932e-02 4.31085676e-02
    -2.62987036e-02 8.08327347e-02 2.81585425e-01 2.69171834e-01
    2.10791007e-01 3.26165929e-02 3.47777009e-01 2.59951621e-01
    8.70640017e-03 -3.60687356e-03 5.31989932e-02 4.34162244e-02
    9.67373198e-05 3.97582044e-04 7.04454118e-03 6.58651022e-03
    4.39160783e-03 4.40238928e-03 4.67911810e-02 4.34802622e-02
    1.55534483e-02 3.21159954e-03 4.88282815e-02 4.28664424e-02
    2.08968343e-03 3.36034544e-04 8.37316737e-03 6.94979960e-03
    3.22653237e-03 -1.87078910e-03 9.58142243e-03 7.05611520e-03
    3.64187248e-02 5.02489507e-04 5.84787726e-02 4.03390005e-02
    1.06798280e-02 2.88676843e-03 3.90654169e-02 3.34806964e-02
    -1.25289755e-03 2.70109653e-04 7.23085552e-03 5.46947913e-03
    8.05632304e-03 9.13215894e-03 6.85020983e-02 5.05474284e-02
    3.48873138e-01 2.27847211e-02 4.84694958e-01 2.57924616e-01
    2.07706764e-02 1.02947489e-03 2.12172940e-01 1.81693345e-01
    -4.97840671e-03 -3.63364327e-03 4.60564941e-02 3.23440358e-02
    1.24249784e-02 1.74030252e-02 5.83319068e-02 4.46897224e-02
    1.97592154e-01 2.01974111e-03 3.41316193e-01 2.33787209e-01
    4.22752984e-02 -7.65680373e-02 2.14776710e-01 2.06570774e-01
    -4.44804970e-03 -6.56203879e-03 4.39726003e-02 3.22064608e-02
    2.22756760e-03 3.35082208e-04 7.76955951e-03 5.82559593e-03
    1.30017400e-02 3.53852782e-04 4.24843170e-02 3.62118036e-02
    4.68710344e-03 -3.45759233e-03 3.76376919e-02 3.45994569e-02
    -9.57804557e-04 -1.05555577e-03 7.15187704e-03 5.67927770e-03
    7.10607914e-04 -4.49014944e-04 8.66977312e-03 7.74897635e-03
    8.57770443e-03 -2.34486815e-03 5.03336675e-02 4.66417074e-02
    5.08626970e-03 3.22189182e-03 5.01112416e-02 4.60953414e-02
    5.72250749e-04 4.53844754e-04 8.79769400e-03 7.48854317e-03
    1.51154480e-03 -4.46799397e-03 5.53477146e-02 4.78691943e-02
    9.23661217e-02 -1.86582971e-02 3.22966903e-01 2.78410196e-01
    8.14109370e-02 2.23245658e-02 3.22987854e-01 2.79333621e-01
    -2.96904997e-04 6.16666768e-03 6.14517182e-02 4.77192029e-02
    3.81102855e-03 1.57702074e-03 5.52446395e-02 5.00076078e-02
