<?xml version="1.0"?>
<opencv_storage>
<dictionary type_id="opencv-matrix">
  <rows>16</rows>
  <cols>64</cols>
  <dt>f</dt>
  <data>
    8.93708260e-04 -1.23142404e-03 6.65694010e-03 6.27960498e-03
    6.32275641e-03 -7.55051896e-03 4.08171080e-02 4.09373753e-02
    1.49073163e-02 -5.22734411e-03 4.27813828e-02 4.03570682e-02
    2.74294545e-03 2.89027026e-04 7.67595507e-03 6.22802088e-03
    4.98001324e-03 -1.35973087e-02 4.40169349e-02 4.05719206e-02
    2.83836070e-02 -1.39796093e-01 2.41178110e-01 2.64848799e-01
    2.34086439e-01 -4.31211852e-02 3.34025264e-01 2.41196886e-01
    1.84117109e-02 8.45833775e-03 5.33444844e-02 4.03941050e-02
    9.17244528e-04 -1.00201825e-02 4.29639816e-02 3.86313610e-02
    6.18107170e-02 -1.75601356e-02 2.44808912e-01 2.20220953e-01
    3.44956815e-01 3.11022494e-02 4.17402029e-01 2.31573105e-01
    1.33301076e-02 1.58036326e-03 5.51462658e-02 4.18656394e-02
    3.29701928e-04 -1.75497873e-04 6.39749691e-03 5.92115149e-03
    1.88453645e-02 3.99294123e-03 4.33429480e-02 3.90731804e-02
    3.94422039e-02 -2.18627369e-03 5.62414452e-02 4.15349491e-02
    2.73833936e-03 -1.02766254e-03 8.43489543e-03 6.78656530e-03
    5.91435004e-03 -9.21470870e-04 8.67243484e-03 3.78795643e-03
    5.37487380e-02 -2.93328951e-04 6.01230562e-02 2.10740715e-02
    8.17639288e-03 2.44830362e-03 2.42257379e-02 1.75572447e-02
    -7.40267627e-04 2.08265672e-04 3.63573106e-03 2.66407221e-03
    3.90331708e-02 -3.15871509e-03 6.01096191e-02 2.38485970e-02
    4.27663654e-01 1.25489617e-02 4.59859043e-01 1.18811905e-01
    3.82760838e-02 2.08612252e-02 1.43867329e-01 1.02319188e-01
    -4.81560128e-03 1.96988301e-04 2.43296400e-02 1.68504771e-02
    3.89661938e-02 3.50837130e-03 5.99250346e-02 2.38203835e-02
    4.27315354e-01 -1.27085084e-02 4.59623575e-01 1.19182028e-01
    3.95304002e-02 -1.95439495e-02 1.44766450e-01 1.02039769e-01
    -4.85493289e-03 1.46607883e-04 2.43467167e-02 1.68690439e-02
    5.83479088e-03 9.34012060e-04 8.59678816e-03 3.75870802e-03
    5.37777506e-02 3.46317305e-04 6.01395741e-02 2.10881680e-02
    8.50386079e-03 -2.29997886e-03 2.44099814e-02 1.74931716e-02
    -7.22306664e-04 -1.61193471e-04 3.63803795e-03 2.65974109e-03
    -3.79096484e-04 -2.70515913e-04 3.66151682e-03 2.85023288e-03
    9.38566867e-03 -3.14369518e-03 2.47642864e-02 1.85338017e-02
    5.22844903e-02 4.70718689e-04 5.93817867e-02 2.17678025e-02
    3.67235579e-03 1.01875002e-03 7.49950530e-03 3.67940636e-03
    -2.76992819e-03 -1.23995109e-04 2.43838541e-02 1.79411955e-02
    4.71627265e-02 -2.33288575e-02 1.46820828e-01 1.07450731e-01
    4.28301662e-01 -1.20549770e-02 4.63307112e-01 1.23005122e-01
    2.13533640e-02 3.70728248e-03 5.10971770e-02 2.32996475e-02
    -2.92930962e-03 3.61794402e-04 2.43748575e-02 1.79513283e-02
    4.68595400e-02 2.35060882e-02 1.46664545e-01 1.07480481e-01
    4.27634090e-01 1.18001383e-02 4.62018073e-01 1.22957721e-01
    2.14216094e-02 -3.83492350e-03 5.10045290e-02 2.32510529e-02
    -4.43498517e-04 2.97225575e-04 3.64679447e-03 2.84394226e-03
    9.30492487e-03 3.15912277e-03 2.46668905e-02 1.85074881e-02
    5.22087738e-02 -4.00211953e-04 5.91592155e-02 2.17510164e-02
    3.66274733e-03 -1.02460070e-03 7.44224107e-03 3.68103501e-03
    2.83536152e-03 -5.66491275e-04 7.53921689e-03 6.62275823e-03
    2.78865360e-02 -1.63849921e-03 4.87754457e-02 4.30575125e-02
    2.51514595e-02 3.34546808e-03 4.79312837e-02 4.31431010e-02
    2.55780667e-03 7.53647008e-04 7.67527474e-03 6.68720668e-03
    1.76069085e-02 -8.48356751e-04 5.02690896e-02 4.18615006e-02
    2.25401297e-01 -6.00099703e-03 3.28288317e-01 2.52698272e-01
    1.98435128e-01 1.18374648e-02 3.11417490e-01 2.51647264e-01
    1.72977205e-02 4.15273197e-03 5.06886020e-02 4.15333621e-02
    1.83710605e-02 3.99631076e-03 5.03553785e-02 4.20280918e-02
    1.99618340e-01 1.05313053e-02 3.13767761e-01 2.53622293e-01
    2.25233883e-01 -5.92065975e-03 3.25702459e-01 2.50415415e-01
    1.65398903e-02 -4.85018129e-04 5.07362597e-02 4.14579771e-02
    2.78998469e-03 6.60106656e-04 7.51626072e-03 6.63863262e-03
    2.52386890e-02 3.53989773e-03 4.74681929e-02 4.31382284e-02
    2.85275429e-02 -1.16996816e-03 4.90532629e-02 4.33256663e-02
    2.62278179e-03 -5.78507839e-04 7.79327145e-03 6.78503560e-03
    2.17368989e-03 -5.90153970e-04 7.44735450e-03 4.63928701e-03
    2.81378608e-02 7.18039868e-04 4.90686856e-02 2.97022257e-02
    -1.09441392e-02 2.90892087e-03 4.32107225e-02 2.97942683e-02
    -1.50384521e-03 -3.02750675e-04 7.12229358e-03 4.65769134e-03
    1.11893509e-02 -2.96414783e-03 5.08238710e-02 2.96807121e-02
    2.94936478e-01 3.07743028e-02 3.83562297e-01 1.75512567e-01
    -1.56469673e-01 3.82475667e-02 3.01679701e-01 1.85022399e-01
    -8.18469282e-03 -1.98657787e-03 4.85682338e-02 3.05138472e-02
    1.09916013e-02 2.73010321e-03 5.06347865e-02 2.96562221e-02
    2.99451500e-01 -3.09201479e-02 3.87210518e-01 1.75114498e-01
    -1.61765471e-01 -3.93297896e-02 3.04026961e-01 1.85007259e-01
    -7.96341524e-03 1.45439466e-03 4.86652255e-02 3.04224975e-02
    2.09407532e-03 6.14543096e-04 7.39221228e-03 4.62926691e-03
    2.84946058e-02 -1.00003020e-03 4.93666232e-02 2.97995545e-02
    -1.16911968e-02 -3.34432186e-03 4.34342958e-02 2.99295355e-02
    -1.43279682e-03 3.22912849e-04 7.12971389e-03 4.65182168e-03
    1.04318315e-03 -4.66492551e-04 7.75291678e-03 7.16000702e-03
    1.14453807e-02 2.28887773e-04 4.89912778e-02 4.70840335e-02
    8.72720324e-04 2.54444312e-03 4.81298678e-02 4.74504940e-02
    4.19720280e-04 -2.49001350e-05 7.69090792e-03 7.20216939e-03
    2.29108264e-03 -1.49546179e-03 5.23573086e-02 4.66059148e-02
    1.77129090e-01 1.30800959e-02 3.56746465e-01 2.85760909e-01
    -4.86711301e-02 4.87407781e-02 3.10442716e-01 2.97434956e-01
    4.53417981e-03 2.55562901e-03 5.13177738e-02 4.66687270e-02
    4.07816609e-03 5.15589630e-03 5.22967204e-02 4.67622764e-02
    1.32006928e-01 -1.08963717e-02 3.35575014e-01 2.90809780e-01
    1.16852392e-03 -4.14077938e-02 3.13765436e-01 2.97291964e-01
    2.66297464e-03 2.33239564e-03 5.10380566e-02 4.65767011e-02
    1.01072795e-03 5.85491478e-04 7.75429700e-03 7.17591355e-03
    7.68726692e-03 2.59782979e-03 4.81353886e-02 4.72408049e-02
    5.87753952e-03 9.75977528e-05 4.80655767e-02 4.72915582e-02
    4.55667672e-04 1.44478050e-04 7.61472760e-03 7.22755073e-03
    1.98139763e-03 -5.77416038e-04 5.18715614e-03 3.87242576e-03
    3.33594680e-02 -3.51313548e-03 4.25561182e-02 2.52493061e-02
    4.48814742e-02 1.88930333e-03 5.24632707e-02 2.58430932e-02
    2.77023879e-03 8.12895305e-04 6.69654645e-03 4.05203737e-03
    1.35509912e-02 -1.49500242e-03 3.50963064e-02 2.46101432e-02
    2.27627352e-01 -1.93138737e-02 2.74736941e-01 1.41879424e-01
    3.56799006e-01 -1.63058415e-02 3.88181865e-01 1.44742593e-01
    1.85767617e-02 1.88109383e-03 4.53290008e-02 2.50953604e-02
    1.34884901e-02 1.25944696e-03 3.51677611e-02 2.47787647e-02
    2.30477482e-01 2.03329511e-02 2.76655793e-01 1.42216250e-01
    3.52234006e-01 1.54246977e-02 3.84563386e-01 1.44675091e-01
    1.87222138e-02 -2.56844191e-03 4.53206450e-02 2.52534691e-02
    2.00794218e-03 5.69894735e-04 5.23528131e-03 3.91965313e-03
    3.36945057e-02 3.41706513e-03 4.27102670e-02 2.54943315e-02
    4.40096967e-02 -1.99334417e-03 5.18837832e-02 2.60150749e-02
    2.77509866e-03 -7.90210790e-04 6.67163031e-03 4.06363420e-03
    4.02049394e-03 -8.86343478e-04 8.89541488e-03 6.68930216e-03
    3.94961163e-02 -2.93556182e-03 5.61644770e-02 4.17955704e-02
    2.06142217e-02 2.06514285e-03 4.48050573e-02 3.99990641e-02
    4.42790566e-04 -4.38557676e-04 6.84482977e-03 6.14215992e-03
    2.36581545e-02 1.99926295e-03 5.97364157e-02 4.18769158e-02
    3.33866954e-01 2.88294367e-02 4.09209251e-01 2.31397420e-01
    6.93875998e-02 -2.21144743e-02 2.49391571e-01 2.22779095e-01
    1.03375793e-03 -1.18778395e-02 4.51076999e-02 3.93861383e-02
    2.66826935e-02 8.52072611e-03 5.77930063e-02 4.06130739e-02
